   9.0000000000000011E-003  0.48999999999980171     
   1.6000000000000000E-002  0.48999999935602739     
   1.7000000000000001E-002  0.48999999890652662     
   1.8000000000000002E-002  0.48999999857744519     
   1.9000000000000000E-002  0.48999999772549402     
   2.0000000000000000E-002  0.48999999734311600     
   2.1000000000000001E-002  0.48999999735837230     
   2.1999999999999999E-002  0.48999999770317748     
   2.3000000000000000E-002  0.48999999752928469     
   2.4000000000000000E-002  0.48999999692491786     
   2.5000000000000001E-002  0.48999999720011594     
   2.6000000000000002E-002  0.48999999715340059     
   2.7000000000000000E-002  0.48999999683244555     
   2.8000000000000001E-002  0.48999999628679258     
   2.9000000000000001E-002  0.48999999666379118     
   2.9999999999999999E-002  0.48999999723881671     
   3.1000000000000000E-002  0.48999999827255181     
   3.2000000000000001E-002  0.48999999844504677     
   3.3000000000000002E-002  0.48999999780401859     
   3.4000000000000002E-002  0.48999999827717455     
   3.5000000000000003E-002  0.48999999906447828     
   3.6000000000000004E-002  0.48999999984590664     
   6.3000000000000000E-002  0.48999999984130388     
   6.4000000000000001E-002  0.48999999964867386     
   6.5000000000000002E-002  0.48999999958306872     
   6.6000000000000003E-002  0.48999999940728917     
   6.7000000000000004E-002  0.48999999935620953     
   6.8000000000000005E-002  0.48999999924800458     
   6.9000000000000006E-002  0.48999999908709846     
   7.0000000000000007E-002  0.48999999908177810     
   7.1000000000000008E-002  0.48999999901313296     
   7.2000000000000008E-002  0.48999999906573455     
   7.2999999999999995E-002  0.48999999907288355     
   7.3999999999999996E-002  0.48999999903704550     
   7.4999999999999997E-002  0.48999999904764180     
   7.5999999999999998E-002  0.48999999910422770     
   7.6999999999999999E-002  0.48999999913136938     
   7.8000000000000000E-002  0.48999999913085007     
   7.9000000000000001E-002  0.48999999916660664     
   8.0000000000000002E-002  0.48999999923829951     
   8.1000000000000003E-002  0.48999999929856103     
   8.2000000000000003E-002  0.48999999934388488     
   8.3000000000000004E-002  0.48999999945939432     
   8.4000000000000005E-002  0.48999999958858431     
   8.5000000000000006E-002  0.48999999956792561     
   8.6000000000000007E-002  0.48999999990978721     
  0.11900000000000001       0.48999999954727397     
  0.12100000000000000       0.48999999822823082     
  0.12200000000000000       0.48999999980862868     
  0.12300000000000000       0.48999999743726663     
  0.12400000000000000       0.48999999899961227     
  0.12500000000000000       0.48999999688889417     
  0.12600000000000000       0.48999999856766424     
  0.12700000000000000       0.48999999661299909     
  0.12800000000000000       0.48999999837168040     
  0.12900000000000000       0.48999999662509136     
  0.13000000000000000       0.48999999835109281     
  0.13100000000000001       0.48999999693746166     
  0.13200000000000001       0.48999999840274372     
  0.13300000000000001       0.48999999760719054     
  0.13400000000000001       0.48999999613287526     
  0.13500000000000001       0.48999999775131997     
  0.13600000000000001       0.48999999701180474     
  0.13700000000000001       0.48999999805376865     
  0.13900000000000001       0.48999999935923777     
  0.17300000000000001       0.48999999977522951     
  0.17400000000000002       0.48999999935012534     
  0.17500000000000002       0.48999999900604657     
  0.17599999999999999       0.48999999718689469     
  0.17699999999999999       0.48999999618893086     
  0.17799999999999999       0.48999999507102188     
  0.17899999999999999       0.48999999382417342     
  0.17999999999999999       0.48999999244480025     
  0.18099999999999999       0.48999999093269681     
  0.18200000000000000       0.48999999015672469     
  0.18300000000000000       0.48999999007966882     
  0.18400000000000000       0.48999998892873836     
  0.18500000000000000       0.48999998689178226     
  0.18600000000000000       0.48999998784872428     
  0.18700000000000000       0.48999998534412809     
  0.18800000000000000       0.48999998651059240     
  0.18900000000000000       0.48999998428748642     
  0.19000000000000000       0.48999998581123028     
  0.19100000000000000       0.48999998397142164     
  0.19200000000000000       0.48999998600614059     
  0.19300000000000000       0.48999998465720485     
  0.19400000000000001       0.48999998726413091     
  0.19500000000000001       0.48999998655436766     
  0.19600000000000001       0.48999998939894540     
  0.19700000000000001       0.48999998964427260     
  0.19800000000000001       0.48999999531347260     
  0.19900000000000001       0.48999999743930422     
  0.20000000000000001       0.48999999849802600     
  0.22900000000000001       0.48999999599727972     
  0.23000000000000001       0.48999999427702373     
  0.23100000000000001       0.48999999124896654     
  0.23200000000000001       0.48999998966963565     
  0.23300000000000001       0.48999998702186803     
  0.23400000000000001       0.48999998587255439     
  0.23500000000000001       0.48999998370369191     
  0.23600000000000002       0.48999998299553676     
  0.23700000000000002       0.48999998122804250     
  0.23800000000000002       0.48999998090593727     
  0.23900000000000002       0.48999997956287250     
  0.23999999999999999       0.48999997954064173     
  0.24099999999999999       0.48999997857614230     
  0.24199999999999999       0.48999997879347990     
  0.24299999999999999       0.48999997806495266     
  0.24399999999999999       0.48999997854501143     
  0.24500000000000000       0.48999997861790118     
  0.24600000000000000       0.48999997824540187     
  0.24700000000000000       0.48999997902027725     
  0.24800000000000000       0.48999997936580525     
  0.24900000000000000       0.48999997925496946     
  0.25000000000000000       0.48999998025748032     
  0.25100000000000000       0.48999998077808077     
  0.25200000000000000       0.48999998080819646     
  0.25300000000000000       0.48999998199373290     
  0.25400000000000000       0.48999998215253215     
  0.25500000000000000       0.48999998339471279     
  0.25600000000000001       0.48999998363617869     
  0.25700000000000001       0.48999998497251152     
  0.25800000000000001       0.48999998523267824     
  0.25900000000000001       0.48999998658139193     
  0.26000000000000001       0.48999998687421259     
  0.26100000000000001       0.48999998770494729     
  0.26200000000000001       0.48999999366749053     
  0.26300000000000001       0.48999998949512030     
  0.26400000000000001       0.48999999039539871     
  0.26500000000000001       0.48999999533046362     
  0.26600000000000001       0.48999999592580329     
  0.26700000000000002       0.48999999617730000     
  0.26800000000000002       0.48999999678617379     
  0.26900000000000002       0.48999999774526592     
  0.27000000000000002       0.48999999818370232     
  0.27100000000000002       0.48999999905834424     
  0.27200000000000002       0.48999999959373380     
  0.31200000000000000       -26.188280871550074     
  0.31300000000000000       -26.188280827038213     
  0.31400000000000000       -26.188280777798383     
  0.31500000000000000       -26.188280731027472     
  0.31600000000000000       -26.188280670738632     
  0.31700000000000000       -26.188280614924121     
  0.31800000000000000       -26.188280544396193     
  0.31900000000000001       -26.188280460800758     
  0.32000000000000001       -26.188280368199539     
  0.32100000000000001       -26.188280286341904     
  0.32200000000000001       -26.188280179995903     
  0.32300000000000001       -26.188280067425577     
  0.32400000000000001       -26.188279939636580     
  0.32500000000000001       -26.188279798547150     
  0.32600000000000001       -26.188279642227041     
  0.32700000000000001       -26.188279455686818     
  0.32800000000000001       -26.188279277511089     
  0.32900000000000001       -26.188279064242952     
  0.33000000000000002       -26.188278828331573     
  0.33100000000000002       -26.188278568711389     
  0.33200000000000002       -26.188278260704529     
  0.33300000000000002       -26.188277967956402     
  0.33400000000000002       -26.188277649145483     
  0.33500000000000002       -26.188277304800685     
  0.33600000000000002       -26.188276966590752     
  0.33700000000000002       -26.188276579272223     
  0.33800000000000002       -26.188276117082800     
  0.33900000000000002       -26.188275615291886     
  0.34000000000000002       -26.188275070153750     
  0.34100000000000003       -26.188274537326773     
  0.34200000000000003       -26.188273972568030     
  0.34300000000000003       -26.188273304375869     
  0.34400000000000003       -26.188272581857841     
  0.34500000000000003       -26.188271876249285     
  0.34600000000000003       -26.188271150052156     
  0.34700000000000003       -26.188270231662234     
  0.34800000000000003       -26.188269295442915     
  0.34900000000000003       -26.188268324168817     
  0.35000000000000003       -26.188267233096134     
  0.35100000000000003       -26.188265887598195     
  0.35199999999999998       -26.188264817010296     
  0.35299999999999998       -26.188263359851291     
  0.35399999999999998       -26.188261786900544     
  0.35499999999999998       -26.188259823051183     
  0.35599999999999998       -26.188258130580863     
  0.35699999999999998       -26.188255757074518     
  0.35799999999999998       -26.188253037989178     
  0.35899999999999999       -26.188250618605281     
  0.35999999999999999       -26.188247875466384     
  0.36099999999999999       -26.188244904602936     
  0.36199999999999999       -26.188240979009990     
  0.36299999999999999       -26.188237330121503     
  0.36399999999999999       -26.188232688439012     
  0.36499999999999999       -26.188227729039145     
  0.36599999999999999       -26.188222067657705     
  0.36699999999999999       -26.188215679679100     
  0.36799999999999999       -26.188208533249192     
  0.36899999999999999       -26.188201249107660     
  0.37000000000000000       -26.188192462052978     
  0.37100000000000000       -26.188182678699668     
  0.37200000000000000       -26.188172180954261     
  0.37300000000000000       -26.188162001518169     
  0.37400000000000000       -26.188150614950739     
  0.37500000000000000       -26.188138380812067     
  0.37600000000000000       -26.188124507145861     
  0.37700000000000000       -26.188110153457203     
  0.37800000000000000       -26.188091713611005     
  0.37900000000000000       -26.188075552758391     
  0.38000000000000000       -26.188055948576164     
  0.38100000000000001       -26.188035890004265     
  0.38200000000000001       -26.188013318696296     
  0.38300000000000001       -26.187994328014867     
  0.38400000000000001       -26.187968036894897     
  0.38500000000000001       -26.187945170352076     
  0.38600000000000001       -26.187922552019206     
  0.38700000000000001       -26.187893436668617     
  0.38800000000000001       -26.187870994346021     
  0.38900000000000001       -26.187841368301626     
  0.39000000000000001       -26.187812533614995     
  0.39100000000000001       -26.187787293017699     
  0.39200000000000002       -26.187758946141674     
  0.39300000000000002       -26.187726628486384     
  0.39400000000000002       -26.187675006680571     
  0.39500000000000002       -26.187628726872539     
  0.39600000000000002       -26.187568993600742     
  0.39700000000000002       -26.187510271274185     
  0.73499999999999999       0.48997027016971606     
  0.73599999999999999       0.48987555453444287     
  0.73699999999999999       0.48979133322594881     
  0.73799999999999999       0.48985045420191931     
  0.73899999999999999       0.48992062001967346     
  0.73999999999999999       0.48991226581894820     
  0.74099999999999999       0.48989745920942684     
  0.74199999999999999       0.48986415149829876     
  0.74299999999999999       0.48991502523442271     
  0.74399999999999999       0.48990368661304295     
  0.74500000000000000       0.48994956163214987     
  0.74600000000000000       0.48995936005015323     
  0.74700000000000000       0.48997997604550375     
  0.74800000000000000       0.48999362513054762     
