   1.0000000000000000E-003  0.48999999999999783     
   2.0000000000000000E-003  0.48999999999999783     
   3.0000000000000001E-003  0.48999999999999783     
   4.0000000000000001E-003  0.48999999999999783     
   5.0000000000000001E-003  0.48999999999999783     
   6.0000000000000001E-003  0.48999999999999783     
   7.0000000000000001E-003  0.48999999999999783     
   8.0000000000000002E-003  0.48999999999999783     
   1.0000000000000000E-002  0.48999999871856942     
   1.2000000000000000E-002  0.48999999943565375     
   1.3000000000000001E-002  0.48999999912731268     
   1.4000000000000000E-002  0.48999999940160299     
   2.1000000000000001E-002  0.48999999934018323     
   3.5000000000000003E-002  0.48999999973257824     
   3.6000000000000004E-002  0.48999999960558527     
   3.6999999999999998E-002  0.48999999948968959     
   3.7999999999999999E-002  0.48999999959146118     
   3.9000000000000000E-002  0.48999999959564855     
   4.0000000000000001E-002  0.48999999957178386     
   4.1000000000000002E-002  0.48999999956354529     
   4.2000000000000003E-002  0.48999999946827849     
   4.3000000000000003E-002  0.48999999942868167     
   4.3999999999999997E-002  0.48999999940595135     
   4.4999999999999998E-002  0.48999999935917560     
   4.5999999999999999E-002  0.48999999936818955     
   4.7000000000000000E-002  0.48999999944859590     
   4.8000000000000001E-002  0.48999999941883809     
   4.9000000000000002E-002  0.48999999946903194     
   5.0000000000000003E-002  0.48999999948602674     
   5.1000000000000004E-002  0.48999999945708844     
   5.2000000000000005E-002  0.48999999953641238     
   5.2999999999999999E-002  0.48999999961387397     
   5.3999999999999999E-002  0.48999999970457070     
   5.5000000000000000E-002  0.48999999956161733     
   5.6000000000000001E-002  0.48999999981553477     
   5.7000000000000002E-002  0.48999999984879788     
   5.8000000000000003E-002  0.48999999957955059     
   5.9000000000000004E-002  0.48999999968701224     
   7.2000000000000008E-002  0.48999999974576691     
   7.2999999999999995E-002  0.48999999974490704     
   7.3999999999999996E-002  0.48999999973598141     
   7.4999999999999997E-002  0.48999999972731212     
   7.5999999999999998E-002  0.48999999972708314     
   7.6999999999999999E-002  0.48999999973230729     
   7.8000000000000000E-002  0.48999999974034725     
   7.9000000000000001E-002  0.48999999975276282     
   8.0000000000000002E-002  0.48999999977485104     
   8.1000000000000003E-002  0.48999999979640174     
   8.2000000000000003E-002  0.48999999981375097     
   8.3000000000000004E-002  0.48999999985011933     
   8.4000000000000005E-002  0.48999999989504106     
   8.7999999999999995E-002  0.48999999993885063     
   9.0999999999999998E-002  0.48999999983890469     
  0.10700000000000000       0.48999999978133535     
  0.10800000000000000       0.48999999976996877     
  0.11100000000000000       0.48999999982307552     
  0.11200000000000000       0.48999999974488662     
  0.11300000000000000       0.48999999960104174     
  0.11400000000000000       0.48999999940118033     
  0.11800000000000001       0.48999999982209130     
  0.11900000000000001       0.48999999972996422     
  0.12000000000000000       0.48999999980168935     
  0.12100000000000000       0.48999999916692000     
  0.12200000000000000       0.48999999966688462     
  0.12300000000000000       0.48999999884597378     
  0.12400000000000000       0.48999999949236828     
  0.12500000000000000       0.48999999864430144     
  0.12600000000000000       0.48999999936405919     
  0.12700000000000000       0.48999999857721721     
  0.12800000000000000       0.48999999934477750     
  0.12900000000000000       0.48999999864804183     
  0.13000000000000000       0.48999999940805689     
  0.13100000000000001       0.48999999885515483     
  0.13300000000000001       0.48999999921697424     
  0.13400000000000001       0.48999999874084071     
  0.13500000000000001       0.48999999879204820     
  0.13700000000000001       0.48999999854078130     
  0.13800000000000001       0.48999999883091144     
  0.13900000000000001       0.48999999797649790     
  0.14000000000000001       0.48999999898229912     
  0.14100000000000001       0.48999999791340426     
  0.14200000000000002       0.48999999909622877     
  0.14300000000000002       0.48999999832448238     
  0.14499999999999999       0.48999999850188342     
  0.14699999999999999       0.48999999864507077     
  0.17300000000000001       0.48999999901678121     
  0.17400000000000002       0.48999999735197353     
  0.17500000000000002       0.48999999602158534     
  0.17599999999999999       0.48999999775015046     
  0.17699999999999999       0.48999999738267103     
  0.17799999999999999       0.48999999677030859     
  0.17899999999999999       0.48999999597397459     
  0.17999999999999999       0.48999999505216657     
  0.18099999999999999       0.48999999405952632     
  0.18200000000000000       0.48999999371056291     
  0.18300000000000000       0.48999999394593602     
  0.18400000000000000       0.48999999333535504     
  0.18500000000000000       0.48999999202774897     
  0.18600000000000000       0.48999998995156935     
  0.18700000000000000       0.48999998829312708     
  0.18800000000000000       0.48999998857759913     
  0.18900000000000000       0.48999998724227289     
  0.19000000000000000       0.48999998742767109     
  0.19100000000000000       0.48999998667186068     
  0.19200000000000000       0.48999998654676757     
  0.19300000000000000       0.48999998636341302     
  0.19400000000000001       0.48999998713539211     
  0.19500000000000001       0.48999998654201410     
  0.19600000000000001       0.48999998561676289     
  0.19700000000000001       0.48999998719304072     
  0.19800000000000001       0.48999998454918631     
  0.19900000000000001       0.48999998360988406     
  0.20000000000000001       0.48999998246029325     
  0.20100000000000001       0.48999998210076789     
  0.20200000000000001       0.48999998165064701     
  0.20300000000000001       0.48999998147603618     
  0.20400000000000001       0.48999998154909385     
  0.20500000000000002       0.48999998512769777     
  0.20600000000000002       0.48999998578186243     
  0.20700000000000002       0.48999998665321121     
  0.20800000000000002       0.48999998772182318     
  0.20899999999999999       0.48999998952798396     
  0.20999999999999999       0.48999999048211157     
  0.21099999999999999       0.48999999279629031     
  0.31200000000000000       -26.188280895434467     
  0.31300000000000000       -26.188280853592875     
  0.31400000000000000       -26.188280806663130     
  0.31500000000000000       -26.188280754973668     
  0.31600000000000000       -26.188280697761900     
  0.31700000000000000       -26.188280636546576     
  0.31800000000000000       -26.188280569029779     
  0.31900000000000001       -26.188280494202829     
  0.32000000000000001       -26.188280412803330     
  0.32100000000000001       -26.188280322130378     
  0.32200000000000001       -26.188280224021160     
  0.32300000000000001       -26.188280118125984     
  0.32400000000000001       -26.188279994105585     
  0.32500000000000001       -26.188279857913628     
  0.32600000000000001       -26.188279709468052     
  0.32700000000000001       -26.188279545681631     
  0.32800000000000001       -26.188279370574403     
  0.32900000000000001       -26.188279171506156     
  0.33000000000000002       -26.188278961814436     
  0.33100000000000002       -26.188278718738822     
  0.33200000000000002       -26.188278451880887     
  0.33300000000000002       -26.188278161658673     
  0.33400000000000002       -26.188277841028672     
  0.33500000000000002       -26.188277505990346     
  0.33600000000000002       -26.188277130168473     
  0.33700000000000002       -26.188276748192244     
  0.33800000000000002       -26.188276334411466     
  0.33900000000000002       -26.188275914991859     
  0.34000000000000002       -26.188275399905535     
  0.34100000000000003       -26.188274861351353     
  0.34200000000000003       -26.188274287659539     
  0.34300000000000003       -26.188273633913276     
  0.34400000000000003       -26.188272934431662     
  0.34500000000000003       -26.188272210115805     
  0.34600000000000003       -26.188271435482115     
  0.34700000000000003       -26.188270558321545     
  0.34800000000000003       -26.188269590260827     
  0.34900000000000003       -26.188268591211642     
  0.35000000000000003       -26.188267470194333     
  0.35100000000000003       -26.188266181420286     
  0.35199999999999998       -26.188264910409224     
  0.35299999999999998       -26.188263404311559     
  0.35399999999999998       -26.188261763828265     
  0.35499999999999998       -26.188259899071401     
  0.35599999999999998       -26.188257978639403     
  0.35699999999999998       -26.188255701062893     
  0.35799999999999998       -26.188253120781571     
  0.35899999999999999       -26.188250493297122     
  0.35999999999999999       -26.188247573446841     
  0.36099999999999999       -26.188244295404054     
  0.36199999999999999       -26.188240652092652     
  0.36299999999999999       -26.188236652853917     
  0.36399999999999999       -26.188232350548770     
  0.36499999999999999       -26.188227637581445     
  0.36599999999999999       -26.188222152036357     
  0.36699999999999999       -26.188216497062459     
  0.36799999999999999       -26.188210124619310     
  0.36899999999999999       -26.188203282081535     
  0.37000000000000000       -26.188195286731133     
  0.37100000000000000       -26.188186398530231     
  0.37200000000000000       -26.188176541658784     
  0.37300000000000000       -26.188165406392407     
  0.37400000000000000       -26.188153390939036     
  0.37500000000000000       -26.188139743149815     
  0.37600000000000000       -26.188125056738098     
  0.37700000000000000       -26.188111547282240     
  0.37800000000000000       -26.188095629120795     
  0.37900000000000000       -26.188073557525382     
  0.38000000000000000       -26.188055317446867     
  0.38100000000000001       -26.188036185843828     
  0.38200000000000001       -26.188015135437631     
  0.38300000000000001       -26.187990714035237     
  0.38400000000000001       -26.187972054340605     
  0.38500000000000001       -26.187949168235530     
  0.38600000000000001       -26.187925081681065     
  0.38700000000000001       -26.187901378982385     
  0.38800000000000001       -26.187875084124215     
  0.38900000000000001       -26.187844658105110     
  0.39000000000000001       -26.187813386920467     
  0.39100000000000001       -26.187775267904492     
  0.39200000000000002       -26.187734921086754     
  0.39300000000000002       -26.187695554931775     
  0.39400000000000002       -26.187659524010861     
  0.39500000000000002       -26.187612665886828     
  0.39600000000000002       -26.187569181652201     
  0.39700000000000002       -26.187513272068330     
